5.727499949325605133e-01 3.169791893009861639e+01
4.425925556817604800e+00 3.169764888486487919e+01
1.659935800759958369e+01 2.551548186149116404e+01
2.209064589561048564e+01 1.163091099596207734e+01
2.606301260190298663e+01 7.921708804895041034e+00
2.968568105773713839e+01 5.712670022125236891e+00
3.306839385472865445e+01 4.268529913970137812e+00
3.622563118331281373e+01 3.122748612811411029e+00
3.937677634333984855e+01 1.851243409361590597e+00
4.235265543338271499e+01 4.226305700488273143e-01
4.525806926816068909e+01 -1.121297094276378470e+00
4.822425206198764869e+01 -2.843421382331549729e+00
5.153627175251214254e+01 -5.313432490200093561e+00
5.514964160155534501e+01 -9.729806774170969064e+00
5.844881045293490729e+01 -1.329304222068953045e+01
6.218518144553468119e+01 -1.815576145546065590e+01
6.603108217240065869e+01 -2.319289262788371175e+01
6.970790430132775839e+01 -2.525801242327754181e+01
7.373368780706866232e+01 -2.735997947641424943e+01
7.659819767043011041e+01 -2.773587787708802921e+01
7.924058017524852460e+01 -2.790118631795527904e+01
8.184876030547519576e+01 -2.801421331587237873e+01
8.445324073445796387e+01 -2.810496722738959008e+01
8.708199558708555799e+01 -2.818458158732022056e+01
8.973634617122702650e+01 -2.825743009461832145e+01
9.238557495124503305e+01 -2.832476581089684231e+01
9.500157124706214518e+01 -2.838700254526570887e+01
9.761295009751788143e+01 -2.844539607827438488e+01
1.001910584943633182e+02 -2.849963273808001674e+01
1.027650553503252553e+02 -2.855054837928277323e+01
1.053057349993706708e+02 -2.859774960401040289e+01
1.078428106965460103e+02 -2.864196097312965961e+01
1.103749908818605689e+02 -2.868328597714068451e+01
1.129321687877097133e+02 -2.872230040989126820e+01
1.155128347352232510e+02 -2.875903634687826127e+01
1.180611282651579330e+02 -2.879284988100075182e+01
1.206049238505970322e+02 -2.882430282358005513e+01
1.231163100317075560e+02 -2.885323661289030284e+01
1.256236910798412936e+02 -2.888015759782768299e+01
1.281549186026668394e+02 -2.890547398376686772e+01
1.307103105632731683e+02 -2.892926816656635225e+01
1.332326261343310989e+02 -2.895114261814524781e+01
1.357513638029475374e+02 -2.897150701551644758e+01
1.382652413445505601e+02 -2.899047082878383463e+01
1.407475842764156084e+02 -2.900796625546872676e+01
1.433095971242604492e+02 -2.902484292307067903e+01
1.458394715429402027e+02 -2.904042836068899902e+01
1.483648805283477827e+02 -2.905500594855629970e+01
1.508581143651814784e+02 -2.906851851808009357e+01
1.533473720182112743e+02 -2.908121257741069954e+01
1.558323249739476068e+02 -2.909315939275519369e+01
1.583692465157151048e+02 -2.910467472989400051e+01
1.608733307446699712e+02 -2.911542726682619175e+01
1.633738629323262899e+02 -2.912561206249897339e+01
1.658695701220541707e+02 -2.913527810283857278e+01
1.683339706347678657e+02 -2.914437997312829154e+01
1.708495876976899126e+02 -2.915326077751823064e+01
1.733611761387806780e+02 -2.916175493923105222e+01
1.758683314228308063e+02 -2.916990067575524392e+01
1.783435441208569898e+02 -2.917764976174260383e+01
1.808148093750070018e+02 -2.918512691161335937e+01
1.832540871558128686e+02 -2.919228049836367234e+01
1.857450204387293411e+02 -2.919937904271517937e+01
1.882310051020482433e+02 -2.920627977230211414e+01
1.907134633982865921e+02 -2.921300995928293176e+01
1.931911315717680395e+02 -2.921958752730563447e+01
1.956377193534572712e+02 -2.922596419380631261e+01
1.980799887095348595e+02 -2.923222906708870639e+01
2.005459342921726034e+02 -2.923846848723905367e+01
2.030349678129456379e+02 -2.924469341690737778e+01
2.054922896292783321e+02 -2.925078080595056562e+01
2.079456925339298436e+02 -2.925681323253533606e+01
2.103673391712671332e+02 -2.926273447314759935e+01
2.127855507049577284e+02 -2.926862479363837011e+01
2.152263005885543521e+02 -2.927455689862815547e+01
2.176908156317855685e+02 -2.928054268620275025e+01
2.201505751753529410e+02 -2.928652155591328210e+01
2.225794789767563202e+02 -2.929243794667069167e+01
2.250040955662057627e+02 -2.929836368575415761e+01
2.273978211596022447e+02 -2.930424005531421017e+01
2.298688639015275044e+02 -2.931034016367558692e+01
2.323084241517798034e+02 -2.931640261444251294e+01
2.347440938163147450e+02 -2.932250104049740713e+01
2.371482367484041163e+02 -2.932857070082587114e+01
2.395489694058375392e+02 -2.933468663308775959e+01
2.419991464642396579e+02 -2.934099016746262123e+01
2.444458479486177680e+02 -2.934735179700095031e+01
2.468878283061687000e+02 -2.935377268145378693e+01
2.492991759474123512e+02 -2.936018757836595583e+01
2.517062673647467363e+02 -2.936666930274302700e+01
2.541366939812089925e+02 -2.937329727809468238e+01
2.565898759819580732e+02 -2.938007648123507565e+01
2.590118030470475787e+02 -2.938686118004720882e+01
2.614298676476429364e+02 -2.939373003399513351e+01
2.638166333915793302e+02 -2.940060674085928127e+01
2.662539426135456324e+02 -2.940773212516140234e+01
2.686864097483055502e+02 -2.941495090346696273e+01
2.711154264305529296e+02 -2.942227041979105095e+01
2.735397561103621342e+02 -2.942969009797808511e+01
2.759336744876860052e+02 -2.943713232758845422e+01
