1.593742460100000535e-01 2.028672803216668967e+02
5.727499949325605133e-01 2.028669571897218020e+02
1.644940226888643497e+00 2.028669102336167214e+02
4.425925556817604800e+00 2.028664839901882146e+02
1.163908528796956432e+01 2.026383645316744833e+02
1.703632603763436393e+01 1.857404904947831596e+02
1.991902187417566594e+01 1.542422424068361693e+02
2.259465316005691804e+01 1.221909484618363280e+02
2.497251419982630694e+01 9.811850202740322402e+01
2.723325430960917615e+01 8.058966580878166042e+01
2.933353541560161659e+01 6.701875908510675117e+01
3.124193870995318889e+01 5.646589463176108836e+01
3.305502092420390170e+01 4.818968003282421364e+01
3.481772736671612734e+01 4.126788881180866042e+01
3.664844153742510713e+01 3.381714122581664128e+01
3.846768740559631539e+01 2.671384215666134310e+01
4.027503306818449147e+01 2.027072761043007532e+01
4.203122075909571720e+01 1.378239666814907949e+01
4.385548100333391375e+01 6.170402566865060834e+00
4.558925149391242826e+01 -1.400743251102788633e+00
4.723646684055754008e+01 -8.058083602011219426e+00
4.887321319063036640e+01 -1.419911467708628905e+01
5.057363025293870606e+01 -2.032591340345280173e+01
5.218974316514998435e+01 -2.574182307768310807e+01
5.383152401624103334e+01 -3.083931218188341461e+01
5.546271885922672595e+01 -3.568330527336948421e+01
5.712094744649142797e+01 -4.063909582742303428e+01
5.888264437642273919e+01 -4.612211526291550001e+01
6.055586177234992107e+01 -5.051564138193674580e+01
6.221829046106105920e+01 -5.426843114630867149e+01
6.398444956579770349e+01 -5.834127637623129914e+01
6.570162370468325719e+01 -6.206996289946170009e+01
6.744528422889271724e+01 -6.565491529400551940e+01
6.929774378479100960e+01 -6.993472010954836549e+01
7.122244426846435772e+01 -7.462220636912776683e+01
7.313473451181423002e+01 -7.969259534683237689e+01
7.483475482122041456e+01 -8.384289641857324682e+01
7.627963188239422720e+01 -8.667156506565808627e+01
7.768395710602577253e+01 -8.889824715257650212e+01
7.904772195787168698e+01 -9.071762808517789267e+01
8.037284976634740019e+01 -9.227188154467242498e+01
8.169010446269010117e+01 -9.368026356741042093e+01
8.299835185839451412e+01 -9.498877988259575034e+01
8.429828459291678655e+01 -9.622631183737286165e+01
8.561921972657994218e+01 -9.743550547901902803e+01
8.696169699528645936e+01 -9.862375346103124230e+01
8.829499449307022019e+01 -9.976852480963273706e+01
8.961981812193175756e+01 -1.008740432274614989e+02
9.096604630035625405e+01 -1.019666092890289377e+02
9.227416870607322608e+01 -1.029998553295401251e+02
9.360306738658107406e+01 -1.040219855186916504e+02
9.492339748609123262e+01 -1.050112897735215114e+02
9.623588297856839802e+01 -1.059701513888771416e+02
9.753939378190834475e+01 -1.068997788602178218e+02
9.883462002782239608e+01 -1.078029230818203672e+02
1.001507726323640810e+02 -1.087018399036087857e+02
1.014296707708346474e+02 -1.095596902252244718e+02
1.027288810292095178e+02 -1.104184198299402766e+02
1.040197141340096181e+02 -1.112625595542742616e+02
1.053610682082458396e+02 -1.121349996226190626e+02
1.066644544741325120e+02 -1.129840878795016010e+02
1.079885417929943543e+02 -1.138559423597139073e+02
1.093338444705678114e+02 -1.147626649402673280e+02
1.107314804737354166e+02 -1.157452812970104787e+02
1.121522794573815673e+02 -1.168184757117866184e+02
1.137665466840386159e+02 -1.182084124056590468e+02
1.156027765811989241e+02 -1.202710736655805590e+02
1.177811258254143070e+02 -1.238202569879409509e+02
1.196808058444898535e+02 -1.266040985377982793e+02
1.213248655694331433e+02 -1.282742398122240388e+02
1.227859583543865369e+02 -1.293806208359032439e+02
1.242058492951775293e+02 -1.302597365163638301e+02
1.255548549224753145e+02 -1.309973297862204902e+02
1.268952868466947876e+02 -1.316850038106425700e+02
1.282878626203961971e+02 -1.323880098580009417e+02
1.297035175115416052e+02 -1.331253750286419972e+02
1.312419153224981017e+02 -1.340082878601933487e+02
1.329884646443151723e+02 -1.352690105232866813e+02
1.349722993940501681e+02 -1.372408436040713013e+02
1.367371782570561720e+02 -1.387835064771093698e+02
1.382371797398611761e+02 -1.397324243623610300e+02
1.396612450930131502e+02 -1.404641449061127787e+02
1.410759952289299406e+02 -1.411176770048280105e+02
1.424822230963355878e+02 -1.417484013019779923e+02
1.439761952397533378e+02 -1.424462783314351100e+02
1.456358026422221030e+02 -1.433369808908000778e+02
1.476546941450951635e+02 -1.448367141343978801e+02
1.497023205329346354e+02 -1.466832160274625778e+02
1.514426340934690245e+02 -1.478488589677739071e+02
1.529217570950902427e+02 -1.485576956459350413e+02
1.543285483011379426e+02 -1.490781491403212158e+02
1.556641220579752769e+02 -1.494869416006916367e+02
1.569909594463229041e+02 -1.498437204542717609e+02
1.582515570401021421e+02 -1.501557178688888996e+02
1.595041428144704412e+02 -1.504505091871175182e+02
1.607769660255097222e+02 -1.507413269003782261e+02
1.620137612341983697e+02 -1.510197243074022424e+02
1.632701998623434179e+02 -1.513012572474690955e+02
1.645185371233098977e+02 -1.515818885793127038e+02
1.657594575153732137e+02 -1.518635650612908137e+02
