1.000000000000000021e-02 2.035784783263815712e+01
2.100000000000000130e-02 2.030924661388865005e+01
3.310000000000000442e-02 2.029527190541143966e+01
4.641000000000000680e-02 2.029081244361162106e+01
6.105100000000000804e-02 2.028921844259223661e+01
7.715610000000000523e-02 2.028856847869155899e+01
9.487171000000001186e-02 2.028826445811267831e+01
1.143588810000000233e-01 2.028810367550564564e+01
1.357947691000000456e-01 2.028801008446069432e+01
1.593742460100000535e-01 2.028795170266428372e+01
1.593742460100000535e-01 2.028784595562941462e+01
5.727499949325605133e-01 2.028781849256942493e+01
1.644940226888643497e+00 2.028778730941652242e+01
4.425925556817604800e+00 2.028750893590355275e+01
1.163908528796956432e+01 2.021370729482599060e+01
1.870077215069173349e+01 1.681463194781542114e+01
2.112985625622668451e+01 1.563802370751851356e+01
2.308989923477891537e+01 1.513752622730774533e+01
2.490915198028482891e+01 1.462923608284232557e+01
2.688597929005249298e+01 1.368405375635460786e+01
1.593742460100000535e-01 1.357229100288683199e+01
5.727499949325605133e-01 1.324043104467585152e+01
1.644940226888643497e+00 1.195822144677418919e+01
3.957110588440930776e+00 5.815636228402452979e+00
6.239431209684221713e+00 1.910789199515676717e+00
8.222446544098229282e+00 1.360381815339865463e+00
1.006737187948466250e+01 1.278797704939022006e+00
1.170524422905575967e+01 1.259467123792330945e+00
1.326134896420958498e+01 1.251409175749939706e+00
1.480756376288872644e+01 1.246524020194017979e+00
1.634464088012009242e+01 1.242851681928227370e+00
1.787136351560135594e+01 1.239732415127106968e+00
1.942233434747893028e+01 1.236841694176433304e+00
2.096330470347902875e+01 1.234119106029726964e+00
2.242787604004621471e+01 1.231597017002995731e+00
2.391570845402206302e+01 1.229046111500876393e+00
2.542737985347537588e+01 1.226417667974473602e+00
2.696347461365959575e+01 1.223661981391928943e+00
2.845608931695084820e+01 1.220858520041486317e+00
2.997241049686613223e+01 1.217838677000875336e+00
3.147895461774808368e+01 1.214620514358477399e+00
3.297654775992359077e+01 1.211157200069349571e+00
3.446390045907548227e+01 1.207403749220088862e+00
3.594180018030259305e+01 1.203305618962417611e+00
3.744357762920827071e+01 1.198695500776000955e+00
3.890284639270500833e+01 1.193707787151068844e+00
4.041867867229719735e+01 1.187897006529856192e+00
4.192487696992611745e+01 1.181366456241619289e+00
4.345541020196512250e+01 1.173800465774509805e+00
4.497672370336933767e+01 1.165152393000896680e+00
4.652158088563948724e+01 1.154953670918839492e+00
4.809161189890568266e+01 1.142758067100642982e+00
4.968636483567983220e+01 1.127954264354161573e+00
5.130754756609042033e+01 1.109627027171822933e+00
5.295473380090333393e+01 1.086411701497994819e+00
5.462741170919667866e+01 1.056137183369586507e+00
5.640445955316435800e+01 1.012855792999755256e+00
5.821046483255673110e+01 9.498524161747383676e-01
6.012915926381933218e+01 8.447739696462486236e-01
6.221450762474729146e+01 6.365128754297737501e-01
6.442848888078107450e+01 1.655811793645233232e-01
6.648829650830730031e+01 -6.554486831829137161e-01
6.809243159755747854e+01 -1.472836289026180578e+00
6.954660394497587106e+01 -2.238435363770700626e+00
7.089710507884824153e+01 -2.928695193793526386e+00
7.218065037416785401e+01 -3.556803356374265590e+00
7.348458159793391076e+01 -4.168493206802567741e+00
7.478010522790056314e+01 -4.754139985806911106e+00
7.606793163595062879e+01 -5.317755490877768665e+00
7.734695197205465433e+01 -5.860425096302244619e+00
7.867585065256250232e+01 -6.405438961172148282e+00
7.999618075207266088e+01 -6.925778670834235484e+00
8.130866624454982627e+01 -7.419226742331069602e+00
8.261217704788977301e+01 -7.882887468032677702e+00
8.390740329380382434e+01 -8.314966532032338264e+00
8.522355589834550926e+01 -8.722728785748355307e+00
8.650245403681607570e+01 -9.087489775218646315e+00
8.780166429519094606e+01 -9.425679286690346714e+00
8.909249739999104634e+01 -9.729530571015478912e+00
9.037566115115288312e+01 -1.000054461566777242e+01
9.165005071330860176e+01 -1.024032444953224363e+01
9.291634080019829867e+01 -1.045118792288295317e+01
9.420308973786289641e+01 -1.063941615445734179e+01
9.545341649737363809e+01 -1.079924425372588459e+01
9.672360159141061331e+01 -1.094044944938292296e+01
9.798559668268819678e+01 -1.106177860231255394e+01
9.926850678159080132e+01 -1.116788025598441259e+01
1.005427745885373412e+02 -1.125811596195231701e+01
1.018372809740745737e+02 -1.133626599146615099e+01
1.031234405360508788e+02 -1.140220975908706968e+01
1.044019585117684130e+02 -1.145778812677038339e+01
1.056717340659855608e+02 -1.150453125118855624e+01
1.069334394695986816e+02 -1.154382938903736466e+01
1.082155296514246601e+02 -1.157753195599687501e+01
1.094613295238943067e+02 -1.160516461613842587e+01
1.107269158325351839e+02 -1.162884664586540495e+01
1.119843417908391672e+02 -1.164866256149212731e+01
1.132342968806689214e+02 -1.166525548936045809e+01
1.144757048601260863e+02 -1.167914278393788408e+01
1.157092229811574953e+02 -1.169077745953071812e+01
1.169907259211670976e+02 -1.170093483005951818e+01
1.182646149417638526e+02 -1.170939340491267799e+01
1.195297931933497324e+02 -1.171643638714157198e+01
1.207869305128217690e+02 -1.172230850063693808e+01
1.220643788061290280e+02 -1.172730956945853009e+01
1.233056681814381932e+02 -1.173138651829060386e+01
1.245666723548761468e+02 -1.173486427120330688e+01
1.258195457230412302e+02 -1.173776311414870221e+01
1.270649752714834904e+02 -1.174018297369926955e+01
1.283018886549063211e+02 -1.174220326897098055e+01
1.295589578487357301e+02 -1.174392763508788917e+01
1.308358210263727415e+02 -1.174539448910378070e+01
1.321050978512732570e+02 -1.174661459330226698e+01
1.333656954450524950e+02 -1.174762967111720968e+01
1.346182812194207941e+02 -1.174847554114498749e+01
1.358911044304600750e+02 -1.174919572102345100e+01
1.371278996391487226e+02 -1.174978276515814457e+01
1.383843382672937707e+02 -1.175028356773481875e+01
1.396326755282602505e+02 -1.175070109951922781e+01
1.408735959203235666e+02 -1.175104976368230503e+01
