1.000000000000000021e-02 -1.038580365105817691e+03
2.100000000000000130e-02 -1.038989631295365143e+03
3.310000000000000442e-02 -1.039031807378884423e+03
4.641000000000000680e-02 -1.039038119552343005e+03
6.105100000000000804e-02 -1.039039707555083169e+03
7.715610000000000523e-02 -1.039040193564615265e+03
9.487171000000001186e-02 -1.039040338969106642e+03
1.143588810000000233e-01 -1.039040379087704650e+03
1.357947691000000456e-01 -1.039040389157856907e+03
1.593742460100000535e-01 -1.039040391447118509e+03
